date,type_a,type_b,sales_cnt
2015-12-26,36425,36827,73252
2015-12-27,34544,37851,72395
2015-12-28,49317,46108,95425
2015-12-29,41823,41846,83669
2015-12-30,39946,40041,79987
2015-12-31,37735,36301,74036
2016-01-01,28252,35467,63719
2016-01-02,29514,35016,64530
2016-01-03,30819,36921,67740
2016-01-04,42694,41608,84302
2016-01-05,39076,38414,77490
2016-01-06,37227,36051,73278
2016-01-07,37864,40935,78799
2016-01-08,37437,39700,77137
2016-01-09,29625,35348,64973
2016-01-10,30661,36609,67270
2016-01-11,40469,42664,83133
2016-01-12,41036,38959,79995
2016-01-13,38310,39366,77676
2016-01-14,36591,37941,74532
2016-01-15,34803,33438,68241
2016-01-16,29662,31008,60670
2016-01-17,31072,29975,61047
2016-01-18,42342,36464,78806
2016-01-19,41141,37503,78644
2016-01-20,42390,35241,77631
2016-01-21,38418,36394,74812
2016-01-22,37322,36214,73536
2016-01-23,33071,33565,66636
2016-01-24,32632,33826,66458
2016-01-25,43127,37532,80659
2016-01-26,46512,41237,87749
2016-01-27,45458,41060,86518
2016-01-28,41700,38789,80489
2016-01-29,44041,37571,81612
2016-01-30,38448,36441,74889
2016-01-31,38177,35157,73334
2016-02-01,51592,37709,89301
2016-02-02,47285,34238,81523
2016-02-03,43007,30282,73289
2016-02-04,35654,26603,62257
2016-02-05,28919,21520,50439
2016-02-06,20257,15676,35933
2016-02-07,4928,4962,9890
2016-02-08,2631,4258,6889
2016-02-09,3719,5401,9120
2016-02-10,4608,6570,11178
2016-02-11,9090,9853,18943
2016-02-12,11732,11448,23180
2016-02-13,14752,13983,28735
2016-02-14,27423,26083,53506
2016-02-15,31150,27404,58554
2016-02-16,30365,27215,57580
2016-02-17,29499,26686,56185
2016-02-18,29646,28028,57674
2016-02-19,28779,27241,56020
2016-02-20,25293,26208,51501
2016-02-21,24931,24445,49376
2016-02-22,30282,28199,58481
2016-02-23,30669,27211,57880
2016-02-24,30588,26916,57504
2016-02-25,29800,26425,56225
2016-02-26,28691,26560,55251
2016-02-27,27918,32098,60016
2016-02-28,28675,31818,60493
2016-02-29,35121,35037,70158
2016-03-01,35087,35725,70812
2016-03-02,34570,35632,70202
2016-03-03,32928,33756,66684
2016-03-04,31598,29525,61123
2016-03-05,25780,25837,51617
2016-03-06,25600,24995,50595
2016-03-07,37104,31852,68956
2016-03-08,33824,32499,66323
2016-03-09,31747,27528,59275
2016-03-10,31413,25920,57333
2016-03-11,33066,25835,58901
2016-03-12,29152,26111,55263
2016-03-13,27254,24981,52235
2016-03-14,34657,26627,61284
2016-03-15,32165,25470,57635
2016-03-16,31716,26982,58698
2016-03-17,29253,25460,54713
2016-03-18,30930,27751,58681
2016-03-19,25636,26773,52409
2016-03-20,26962,28900,55862
2016-03-21,39627,32033,71660
2016-03-22,35002,29695,64697
2016-03-23,32988,27246,60234
2016-03-24,31213,24888,56101
2016-03-25,29976,24766,54742
2016-03-26,23367,21144,44511
2016-03-27,22041,21466,43507
2016-03-28,30918,24519,55437
2016-03-29,27788,22390,50178
2016-03-30,27020,22665,49685
2016-03-31,25907,20998,46905
2016-04-01,26475,20392,46867
2016-04-02,20955,16445,37400
2016-04-03,19284,19488,38772
2016-04-04,20609,21584,42193
2016-04-05,32251,25344,57595
2016-04-06,29013,22487,51500
2016-04-07,27460,22838,50298
2016-04-08,25981,22409,48390
2016-04-09,23393,22643,46036
2016-04-10,23761,23254,47015
2016-04-11,32555,26077,58632
2016-04-12,29153,23513,52666
2016-04-13,28175,23094,51269
2016-04-14,26248,21779,48027
2016-04-15,24611,22010,46621
2016-04-16,20946,19034,39980
2016-04-17,20604,19704,40308
2016-04-18,39113,51755,90868
2016-04-19,45434,57736,103170
2016-04-20,41108,45799,86907
2016-04-21,36212,41041,77253
2016-04-22,37380,36689,74069
2016-04-23,33264,32915,66179
2016-04-24,36051,34277,70328
2016-04-25,48606,38226,86832
2016-04-26,43383,32523,75906
2016-04-27,39523,33151,72674
2016-04-28,35166,31107,66273
2016-04-29,31735,31580,63315
2016-04-30,24230,29905,54135
2016-05-01,21372,28802,50174
2016-05-02,24459,32175,56634
2016-05-03,35565,37026,72591
2016-05-04,32370,36460,68830
2016-05-05,31449,33716,65165
2016-05-06,29665,32334,61999
2016-05-07,25825,28168,53993
2016-05-08,24486,28845,53331
2016-05-09,33094,30832,63926
2016-05-10,31186,28046,59232
2016-05-11,30323,34436,64759
2016-05-12,30256,35257,65513
2016-05-13,28295,26386,54681
2016-05-14,23640,28072,51712
2016-05-15,24218,9939,34157
2016-05-16,34251,33503,67754
2016-05-17,31635,30709,62344
2016-05-18,29898,28957,58855
2016-05-19,33376,36935,70311
2016-05-20,37100,38293,75393
2016-05-21,29408,32233,61641
2016-05-22,27626,30655,58281
2016-05-23,39755,38411,78166
2016-05-24,34715,37023,71738
2016-05-25,33566,37665,71231
2016-05-26,31951,56586,88537
2016-05-27,31611,54714,86325
2016-05-28,26046,49412,75458
2016-05-29,25507,47628,73135
2016-05-30,34048,55255,89303
2016-05-31,30357,50730,81087
2016-06-01,33008,45847,78855
2016-06-02,32012,41831,73843
2016-06-03,29060,38032,67092
2016-06-04,25080,36727,61807
2016-06-05,25453,38782,64235
2016-06-06,31907,43386,75293
2016-06-07,29918,40872,70790
2016-06-08,28950,38003,66953
2016-06-09,20021,32122,52143
2016-06-10,22781,35022,57803
2016-06-11,25135,37353,62488
2016-06-12,31660,43051,74711
2016-06-13,29137,40616,69753
2016-06-14,27551,39730,67281
2016-06-15,27942,41882,69824
2016-06-16,42421,88939,131360
2016-06-17,35269,61001,96270
2016-06-18,31155,58361,89516
2016-06-19,32964,59046,92010
2016-06-20,46119,67291,113410
2016-06-21,45038,63584,108622
2016-06-22,42009,58250,100259
2016-06-23,38700,52465,91165
2016-06-24,35399,51644,87043
2016-06-25,27150,45882,73032
2016-06-26,26914,45365,72279
2016-06-27,34132,52262,86394
2016-06-28,30565,47235,77800
2016-06-29,28578,38912,67490
2016-06-30,29152,38476,67628
2016-07-01,29881,37638,67519
2016-07-02,23438,34117,57555
2016-07-03,22982,33814,56796
2016-07-04,29745,38862,68607
2016-07-05,27726,36567,64293
2016-07-06,25898,35253,61151
2016-07-07,25494,33855,59349
2016-07-08,23746,30144,53890
2016-07-09,20331,27674,48005
2016-07-10,23078,32285,55363
2016-07-11,27726,33629,61355
2016-07-12,25824,32650,58474
2016-07-13,25327,32938,58265
2016-07-14,26015,33569,59584
2016-07-15,25098,31380,56478
2016-07-16,21240,29312,50552
2016-07-17,21416,28307,49723
2016-07-18,26872,32096,58968
2016-07-19,30712,47081,77793
2016-07-20,28139,39235,67374
2016-07-21,27108,35665,62773
2016-07-22,26046,36927,62973
2016-07-23,23288,35592,58880
2016-07-24,21540,33672,55212
2016-07-25,27086,35806,62892
2016-07-26,25160,33700,58860
2016-07-27,24336,31891,56227
2016-07-28,25247,33492,58739
2016-07-29,23316,28525,51841
2016-07-30,20643,26870,47513
2016-07-31,19908,26252,46160
2016-08-01,25745,30379,56124
2016-08-02,24336,29945,54281
2016-08-03,25325,31237,56562
2016-08-04,23889,29728,53617
2016-08-05,23481,28805,52286
2016-08-06,20516,27392,47908
2016-08-07,18600,27721,46321
2016-08-08,25718,31995,57713
2016-08-09,22851,28297,51148
2016-08-10,22718,28041,50759
2016-08-11,22278,26617,48895
2016-08-12,22295,26370,48665
2016-08-13,18716,24338,43054
2016-08-14,16962,22142,39104
2016-08-15,23190,26863,50053
2016-08-16,21845,25654,47499
2016-08-17,22086,27130,49216
2016-08-18,21804,25894,47698
2016-08-19,22250,26238,48488
2016-08-20,21440,26203,47643
2016-08-21,20245,26348,46593
2016-08-22,25100,28282,53382
2016-08-23,24160,28859,53019
2016-08-24,23498,27530,51028
2016-08-25,22192,24860,47052
2016-08-26,26720,38082,64802
2016-08-27,21134,29402,50536
2016-08-28,20417,29228,49645
2016-08-29,27490,33806,61296
2016-08-30,28310,33595,61905
2016-08-31,25805,32174,57979
2016-09-01,25848,30134,55982
2016-09-02,25227,28570,53797
2016-09-03,23276,28655,51931
2016-09-04,22770,30091,52861
2016-09-05,27867,33443,61310
2016-09-06,28119,32581,60700
2016-09-07,28521,33266,61787
2016-09-08,29537,39813,69350
2016-09-09,30398,43870,74268
2016-09-10,26582,36873,63455
2016-09-11,26950,38924,65874
2016-09-12,33597,43015,76612
2016-09-13,32609,38849,71458
2016-09-14,31621,35847,67468
2016-09-15,20400,29957,50357
2016-09-16,26740,34392,61132
2016-09-17,31438,36946,68384
2016-09-18,35840,42581,78421
2016-09-19,34589,43041,77630
2016-09-20,34288,39485,73773
2016-09-21,33403,38260,71663
2016-09-22,31177,36119,67296
2016-09-23,30378,34327,64705
2016-09-24,25135,30455,55590
2016-09-25,24577,29835,54412
2016-09-26,30718,34523,65241
2016-09-27,29460,33915,63375
2016-09-28,28658,34178,62836
2016-09-29,27815,30878,58693
2016-09-30,26789,28441,55230
2016-10-01,21464,28361,49825
2016-10-02,20089,26894,46983
2016-10-03,20312,27975,48287
2016-10-04,22861,32585,55446
2016-10-05,24528,33692,58220
2016-10-06,26031,35957,61988
2016-10-07,28539,38535,67074
2016-10-08,36366,42128,78494
2016-10-09,33507,38598,72105
2016-10-10,33258,41163,74421
2016-10-11,30485,37519,68004
2016-10-12,28650,35004,63654
2016-10-13,28170,35362,63532
2016-10-14,27411,33812,61223
2016-10-15,23168,32936,56104
2016-10-16,23574,32588,56162
2016-10-17,31015,35549,66564
2016-10-18,29115,38039,67154
2016-10-19,28710,39941,68651
2016-10-20,29537,40941,70478
2016-10-21,28280,40267,68547
2016-10-22,25379,36117,61496
2016-10-23,26211,36813,63024
2016-10-24,31553,39873,71426
2016-10-25,30554,39743,70297
2016-10-26,30589,39899,70488
2016-10-27,29343,39355,68698
2016-10-28,28695,38867,67562
2016-10-29,25048,36994,62042
2016-10-30,25133,38288,63421
2016-10-31,32514,43436,75950
2016-11-01,32633,43352,75985
2016-11-02,31286,42696,73982
2016-11-03,30355,43227,73582
2016-11-04,30040,41112,71152
2016-11-05,26040,39539,65579
2016-11-06,26107,40144,66251
2016-11-07,31943,44113,76056
2016-11-08,32472,45394,77866
2016-11-09,29815,41858,71673
2016-11-10,39268,75197,114465
2016-11-11,44460,77032,121492
2016-11-12,31413,56377,87790
2016-11-13,31168,56053,87221
2016-11-14,41242,60681,101923
2016-11-15,44973,62031,107004
2016-11-16,47747,63360,111107
2016-11-17,49255,61308,110563
2016-11-18,44481,56309,100790
2016-11-19,36993,48981,85974
2016-11-20,35162,48030,83192
2016-11-21,40258,51493,91751
2016-11-22,36660,47420,84080
2016-11-23,38412,54844,93256
2016-11-24,43373,56523,99896
2016-11-25,35938,51132,87070
2016-11-26,31537,45540,77077
2016-11-27,31193,44700,75893
2016-11-28,40340,51204,91544
2016-11-29,38547,48610,87157
2016-11-30,35737,45866,81603
2016-12-01,36213,45221,81434
2016-12-02,33629,42890,76519
2016-12-03,28713,41136,69849
2016-12-04,25831,39127,64958
2016-12-05,32741,43816,76557
2016-12-06,32161,45558,77719
2016-12-07,45641,78432,124073
2016-12-08,54234,95642,149876
2016-12-09,42865,71545,114410
2016-12-10,43343,71278,114621
2016-12-11,49820,75471,125291
2016-12-12,65078,93858,158936
2016-12-13,60475,77968,138443
2016-12-14,59302,76714,136016
2016-12-15,58628,76849,135477
2016-12-16,57811,71843,129654
2016-12-17,51476,63976,115452
2016-12-18,47996,63139,111135
2016-12-19,55449,62191,117640
2016-12-20,49876,58306,108182
2016-12-21,44751,52272,97023
2016-12-22,44482,50317,94799
2016-12-23,42985,40543,83528
2016-12-24,34866,35570,70436
2016-12-25,34775,36235,71010
2016-12-26,42592,38697,81289
2016-12-27,39778,37766,77544
2016-12-28,40292,40907,81199
2016-12-29,38209,39532,77741
2016-12-30,34781,43017,77798
2016-12-31,31363,43970,75333
2017-01-01,29337,46134,75471
2017-01-02,32950,48989,81939
2017-01-03,40484,52712,93196
2017-01-04,40445,49586,90031
2017-01-05,39804,48650,88454
2017-01-06,43384,57610,100994
2017-01-07,36162,49454,85616
2017-01-08,33890,45770,79660
2017-01-09,39622,49024,88646
2017-01-10,40403,48825,89228
2017-01-11,38977,49888,88865
2017-01-12,37412,49870,87282
2017-01-13,40603,56924,97527
2017-01-14,34743,51217,85960
2017-01-15,34300,52754,87054
2017-01-16,42194,58144,100338
2017-01-17,44645,57246,101891
2017-01-18,44665,55724,100389
2017-01-19,44606,54439,99045
2017-01-20,44805,57738,102543
2017-01-21,36706,47549,84255
2017-01-22,36941,47302,84243
2017-01-23,36309,43634,79943
2017-01-24,33023,39300,72323
2017-01-25,28018,31587,59605
2017-01-26,20681,24049,44730
2017-01-27,4745,8111,12856
2017-01-28,2816,7171,9987
2017-01-29,3807,8780,12587
2017-01-30,4436,10068,14504
2017-01-31,8832,15832,24664
2017-02-01,12954,19746,32700
2017-02-02,16316,21958,38274
2017-02-03,28949,39327,68276
2017-02-04,28003,36884,64887
2017-02-05,26775,31818,58593
2017-02-06,28973,38127,67100
2017-02-07,26024,36343,62367
2017-02-08,24903,35542,60445
2017-02-09,24798,34837,59635
2017-02-10,25166,35933,61099
2017-02-11,19086,30111,49197
2017-02-12,21214,30308,51522
2017-02-13,26308,32766,59074
2017-02-14,25880,34922,60802
2017-02-15,24628,31869,56497
2017-02-16,24467,32051,56518
2017-02-17,25741,32003,57744
2017-02-18,23127,31495,54622
2017-02-19,23100,32744,55844
2017-02-20,30555,38628,69183
2017-02-21,26762,35206,61968
2017-02-22,25546,33448,58994
2017-02-23,26621,32432,59053
2017-02-24,27825,35274,63099
2017-02-25,24281,31884,56165
2017-02-26,23643,33189,56832
2017-02-27,31703,50362,82065
2017-02-28,30943,55866,86809
2017-03-01,30170,48861,79031
2017-03-02,30217,51585,81802
2017-03-03,31257,54781,86038
2017-03-04,28486,45462,73948
2017-03-05,27433,43815,71248
2017-03-06,32168,44653,76821
2017-03-07,31297,50740,82037
2017-03-08,28651,50891,79542
2017-03-09,28242,44259,72501
2017-03-10,29205,44397,73602
2017-03-11,28646,41692,70338
2017-03-12,28576,40476,69052
2017-03-13,35290,42947,78237
2017-03-14,32366,38000,70366
2017-03-15,30835,38061,68896
2017-03-16,29705,38494,68199
2017-03-17,28546,36630,65176
2017-03-18,24714,34975,59689
2017-03-19,24075,34827,58902
2017-03-20,32153,38749,70902
2017-03-21,29685,36348,66033
2017-03-22,27988,36397,64385
2017-03-23,27003,36802,63805
2017-03-24,25812,36914,62726
2017-03-25,22684,34322,57006
2017-03-26,22491,35021,57512
2017-03-27,28260,38272,66532
2017-03-28,27195,39818,67013
2017-03-29,26147,38578,64725
2017-03-30,26221,38367,64588
2017-03-31,26644,37052,63696
2017-04-01,26334,33684,60018
2017-04-02,20872,29647,50519
2017-04-03,20140,29596,49736
2017-04-04,20489,30560,51049
2017-04-05,29446,35921,65367
2017-04-06,26598,36627,63225
2017-04-07,24302,34751,59053
2017-04-08,22903,36324,59227
2017-04-09,21590,34976,56566
2017-04-10,27033,38468,65501
2017-04-11,26790,38201,64991
2017-04-12,26258,37652,63910
2017-04-13,25946,40171,66117
2017-04-14,25295,38461,63756
2017-04-15,21401,37271,58672
2017-04-16,21532,39632,61164
2017-04-17,28568,45028,73596
2017-04-18,37834,103448,141282
2017-04-19,44896,102594,147490
2017-04-20,36692,78323,115015
2017-04-21,41633,81840,123473
2017-04-22,37751,74821,112572
2017-04-23,40539,79574,120113
2017-04-24,49275,91583,140858
2017-04-25,44800,86429,131229
2017-04-26,48721,76511,125232
2017-04-27,45116,67121,112237
2017-04-28,42084,55531,97615
2017-04-29,32357,49751,82108
2017-04-30,27207,43877,71084
2017-05-01,28392,45373,73765
2017-05-02,41163,52026,93189
2017-05-03,35914,48311,84225
2017-05-04,33398,43138,76536
2017-05-05,32080,40137,72217
2017-05-06,27865,37680,65545
2017-05-07,26670,36983,63653
2017-05-08,32741,41480,74221
2017-05-09,31164,40626,71790
2017-05-10,30983,42473,73456
2017-05-11,28901,39611,68512
2017-05-12,29279,40137,69416
2017-05-13,25547,38949,64496
2017-05-14,25949,40485,66434
2017-05-15,33270,43954,77224
2017-05-16,32135,43875,76010
2017-05-17,31342,43416,74758
2017-05-18,31566,43457,75023
2017-05-19,32893,55906,88799
2017-05-20,33199,59023,92222
2017-05-21,29429,49200,78629
2017-05-22,36790,53870,90660
2017-05-23,40218,54842,95060
2017-05-24,41331,53707,95038
2017-05-25,39230,50121,89351
2017-05-26,37475,49281,86756
2017-05-27,34070,45488,79558
2017-05-28,26908,41453,68361
2017-05-29,25055,39688,64743
2017-05-30,23873,39222,63095
2017-05-31,34921,47139,82060
2017-06-01,30851,42267,73118
2017-06-02,30422,40874,71296
2017-06-03,25821,37125,62946
2017-06-04,24694,36732,61426
2017-06-05,29451,39343,68794
2017-06-06,27633,37944,65577
2017-06-07,26825,37917,64742
2017-06-08,25849,36634,62483
2017-06-09,25222,35749,60971
2017-06-10,21803,33928,55731
2017-06-11,21407,33997,55404
2017-06-12,26468,37085,63553
2017-06-13,24906,35669,60575
2017-06-14,24981,37161,62142
2017-06-15,33344,59882,93226
2017-06-16,33822,64597,98419
2017-06-17,30358,58617,88975
2017-06-18,33557,67112,100669
2017-06-19,44301,73226,117527
2017-06-20,43874,67819,111693
2017-06-21,42967,63645,106612
2017-06-22,39486,58434,97920
2017-06-23,35992,50570,86562
2017-06-24,30049,44115,74164
2017-06-25,27567,40961,68528
2017-06-26,32885,42502,75387
2017-06-27,28325,38082,66407
2017-06-28,26933,38081,65014
2017-06-29,24978,34953,59931
2017-06-30,24953,34667,59620
2017-07-01,23041,32724,55765
2017-07-02,21954,31890,53844
2017-07-03,25497,34676,60173
2017-07-04,24532,33696,58228
2017-07-05,24122,33434,57556
2017-07-06,22918,31865,54783
2017-07-07,22914,31478,54392
2017-07-08,20329,31097,51426
2017-07-09,20155,30875,51030
2017-07-10,25967,36374,62341
2017-07-11,25032,34365,59397
2017-07-12,23983,33659,57642
2017-07-13,24620,33405,58025
2017-07-14,23766,32495,56261
2017-07-15,20700,31485,52185
2017-07-16,20052,31559,51611
2017-07-17,24920,32886,57806
2017-07-18,25844,42422,68266
2017-07-19,26675,46902,73577
2017-07-20,25679,44541,70220
2017-07-21,26882,44924,71806
2017-07-22,26290,43877,70167
2017-07-23,26334,42513,68847
2017-07-24,31829,44364,76193
2017-07-25,28393,39643,68036
2017-07-26,26925,38100,65025
2017-07-27,26091,36651,62742
2017-07-28,27322,39123,66445
2017-07-29,23260,34610,57870
2017-07-30,21823,33611,55434
2017-07-31,26761,36790,63551
2017-08-01,24916,36856,61772
2017-08-02,25411,35636,61047
2017-08-03,23377,33951,57328
2017-08-04,22734,33991,56725
2017-08-05,20764,31271,52035
2017-08-06,20048,31238,51286
2017-08-07,24888,34062,58950
2017-08-08,23086,32696,55782
2017-08-09,22022,33177,55199
2017-08-10,22048,33530,55578
2017-08-11,21782,33360,55142
2017-08-12,19847,32920,52767
2017-08-13,19388,31916,51304
2017-08-14,25555,38005,63560
2017-08-15,23804,35867,59671
2017-08-16,23213,35089,58302
2017-08-17,23572,36810,60382
2017-08-18,24151,37856,62007
2017-08-19,22146,37229,59375
2017-08-20,22854,43247,66101
2017-08-21,28442,49878,78320
2017-08-22,26252,47922,74174
2017-08-23,26710,47692,74402
2017-08-24,27269,47749,75018
2017-08-25,25919,42954,68873
2017-08-26,22988,41922,64910
2017-08-27,22737,41686,64423
2017-08-28,29551,45357,74908
2017-08-29,28730,45823,74553
2017-08-30,27722,44055,71777
2017-08-31,27224,42546,69770
2017-09-01,27168,41241,68409
2017-09-02,24086,40282,64368
2017-09-03,23146,40492,63638
2017-09-04,29727,53303,83030
2017-09-05,29988,55434,85422
2017-09-06,28325,49484,77809
2017-09-07,28428,48519,76947
2017-09-08,29028,51799,80827
2017-09-09,26993,47453,74446
2017-09-10,26341,45638,71979
2017-09-11,31534,48331,79865
2017-09-12,29496,45797,75293
2017-09-13,27518,42624,70142
2017-09-14,25654,42166,67820
2017-09-15,29219,52254,81473
2017-09-16,23738,44279,68017
2017-09-17,24383,46178,70561
2017-09-18,32185,54958,87143
2017-09-19,31802,51741,83543
2017-09-20,32318,49642,81960
2017-09-21,31246,48847,80093
2017-09-22,30147,45811,75958
2017-09-23,26594,43118,69712
2017-09-24,25934,43151,69085
2017-09-25,30598,45192,75790
2017-09-26,28273,44959,73232
2017-09-27,27878,43071,70949
2017-09-28,27655,42005,69660
2017-09-29,29734,42144,71878
2017-09-30,26154,37871,64025
2017-10-01,20724,39994,60718
2017-10-02,20118,38758,58876
2017-10-03,20225,39051,59276
2017-10-04,18545,36259,54804
2017-10-05,23699,43569,67268
2017-10-06,26087,45116,71203
2017-10-07,27153,46503,73656
2017-10-08,28188,48134,76322
2017-10-09,33593,51600,85193
2017-10-10,33541,55834,89375
2017-10-11,32072,53813,85885
2017-10-12,31150,52581,83731
2017-10-13,31074,50621,81695
2017-10-14,29078,51910,80988
2017-10-15,29695,54968,84663
2017-10-16,35729,59171,94900
2017-10-17,34550,58285,92835
2017-10-18,34585,59812,94397
2017-10-19,33986,58248,92234
2017-10-20,35400,59718,95118
2017-10-21,29934,54842,84776
2017-10-22,29359,54485,83844
2017-10-23,36519,59689,96208
2017-10-24,33626,58354,91980
2017-10-25,32545,57738,90283
2017-10-26,33885,54539,88424
2017-10-27,33429,56633,90062
2017-10-28,29630,53238,82868
2017-10-29,29959,53917,83876
2017-10-30,36114,57864,93978
2017-10-31,34092,56896,90988
2017-11-01,33718,56114,89832
2017-11-02,30929,54136,85065
2017-11-03,29535,53922,83457
2017-11-04,27634,53574,81208
2017-11-05,27353,55283,82636
2017-11-06,32415,58369,90784
2017-11-07,30445,56072,86517
2017-11-08,34355,62549,96904
2017-11-09,30287,60404,90691
2017-11-10,44215,105027,149242
2017-11-11,46474,108669,155143
2017-11-12,37742,82927,120669
2017-11-13,48410,91164,139574
2017-11-14,48473,89390,137863
2017-11-15,50904,92645,143549
2017-11-16,55580,95515,151095
2017-11-17,58987,96182,155169
2017-11-18,54244,83357,137601
2017-11-19,51256,82516,133772
2017-11-20,58654,86330,144984
2017-11-21,52916,77132,130048
2017-11-22,50251,85752,136003
2017-11-23,49558,85352,134910
2017-11-24,45202,77735,122937
2017-11-25,40511,71955,112466
2017-11-26,41092,73945,115037
2017-11-27,50613,80400,131013
2017-11-28,48119,75093,123212
2017-11-29,46275,72134,118409
2017-11-30,44444,71103,115547
2017-12-01,44801,68433,113234
2017-12-02,38209,61932,100141
2017-12-03,35955,61246,97201
2017-12-04,41696,68967,110663
2017-12-05,44282,77804,122086
2017-12-06,39574,71395,110969
2017-12-07,49249,116228,165477
2017-12-08,59835,129036,188871
2017-12-09,44672,97765,142437
2017-12-10,48440,104019,152459
2017-12-11,63412,130700,194112
2017-12-12,70417,131609,202026
2017-12-13,59312,109474,168786
2017-12-14,60343,110381,170724
2017-12-15,58993,109127,168120
2017-12-16,53419,99419,152838
2017-12-17,53165,90288,143453
2017-12-18,60409,98768,159177
2017-12-19,55667,87780,143447
2017-12-20,54601,89310,143911
2017-12-21,49678,78229,127907
2017-12-22,43714,67999,111713
2017-12-23,39054,63588,102642
2017-12-24,35758,60667,96425
2017-12-25,42690,67223,109913
2017-12-26,42495,67522,110017
2017-12-27,41226,65721,106947
2017-12-28,40230,63845,104075
2017-12-29,36897,59460,96357
2017-12-30,33706,58627,92333
2017-12-31,30558,52335,82893
2018-01-01,30390,56172,86562
2018-01-02,43270,67156,110426
2018-01-03,36603,64337,100940
2018-01-04,36294,61911,98205
2018-01-05,35178,56390,91568
2018-01-06,31394,52205,83599
2018-01-07,30270,51645,81915
2018-01-08,36946,56746,93692
2018-01-09,37009,58830,95839
2018-01-10,37584,59724,97308
2018-01-11,36692,60264,96956
2018-01-12,39424,66227,105651
2018-01-13,32877,61280,94157
2018-01-14,32730,61282,94012
2018-01-15,50549,91191,141740
2018-01-16,41881,78708,120589
2018-01-17,39002,76591,115593
2018-01-18,38181,74208,112389
2018-01-19,37904,73561,111465
2018-01-20,35921,72078,107999
2018-01-21,34534,71257,105791
2018-01-22,41666,75852,117518
2018-01-23,39957,72440,112397
2018-01-24,40821,63079,103900
2018-01-25,39472,60787,100259
2018-01-26,36865,63762,100627
2018-01-27,32826,61410,94236
2018-01-28,31098,61645,92743
2018-01-29,44266,87072,131338
2018-01-30,41876,81513,123389
2018-01-31,42488,86932,129420
2018-02-01,46990,86564,133554
2018-02-02,49760,90190,139950
2018-02-03,49826,89010,138836
2018-02-04,45861,86675,132536
2018-02-05,59317,96367,155684
2018-02-06,49851,86516,136367
2018-02-07,46741,79331,126072
2018-02-08,42319,68594,110913
2018-02-09,40330,65627,105957
2018-02-10,35584,57093,92677
2018-02-11,34080,50126,84206
2018-02-12,30823,41700,72523
2018-02-13,26865,34792,61657
2018-02-14,19679,25853,45532
2018-02-15,4589,9441,14030
2018-02-16,2921,7902,10823
2018-02-17,4114,9766,13880
2018-02-18,4663,11198,15861
2018-02-19,9647,18417,28064
2018-02-20,14893,24024,38917
2018-02-21,17323,26911,44234
2018-02-22,31427,48475,79902
2018-02-23,30895,48604,79499
2018-02-24,28964,48046,77010
2018-02-25,26514,44858,71372
2018-02-26,29987,48728,78715
2018-02-27,31373,64614,95987
2018-02-28,32830,64442,97272
2018-03-01,32980,62760,95740
2018-03-02,30441,61743,92184
2018-03-03,33113,65153,98266
2018-03-04,31560,60560,92120
2018-03-05,35905,61367,97272
2018-03-06,34455,58505,92960
2018-03-07,32262,56031,88293
2018-03-08,29998,50757,80755
2018-03-09,31746,49574,81320
2018-03-10,28868,46884,75752
2018-03-11,27985,46097,74082
2018-03-12,33697,49124,82821
2018-03-13,31777,47582,79359
2018-03-14,30483,45972,76455
2018-03-15,29422,46055,75477
2018-03-16,32389,57335,89724
2018-03-17,27774,50402,78176
2018-03-18,26718,48370,75088
2018-03-19,35442,53658,89100
2018-03-20,36812,56385,93197
2018-03-21,35250,53648,88898
2018-03-22,32255,49505,81760
2018-03-23,29821,45646,75467
2018-03-24,26955,45160,72115
2018-03-25,25720,44444,70164
2018-03-26,31578,48044,79622
2018-03-27,29803,46049,75852
2018-03-28,29254,46063,75317
2018-03-29,29295,47299,76594
2018-03-30,27703,45228,72931
2018-03-31,25730,43678,69408
2018-04-01,27099,44090,71189
2018-04-02,32247,48882,81129
2018-04-03,29537,48249,77786
2018-04-04,27640,45246,72886
2018-04-05,22049,42869,64918
2018-04-06,22989,44680,67669
2018-04-07,25365,49245,74610
2018-04-08,32029,54972,87001
2018-04-09,29379,53844,83223
2018-04-10,28398,53651,82049
2018-04-11,27643,53122,80765
2018-04-12,27737,51400,79137
2018-04-13,26854,49771,76625
2018-04-14,24569,46604,71173
2018-04-15,28262,54789,83051
2018-04-16,30522,53975,84497
2018-04-17,30045,56616,86661
2018-04-18,35568,77660,113228
2018-04-19,42755,85405,128160
2018-04-20,39570,75368,114938
2018-04-21,37481,77597,115078
2018-04-22,40800,81871,122671
2018-04-23,50914,88084,138998
2018-04-24,49596,82088,131684
2018-04-25,48591,76929,125520
2018-04-26,45981,66002,111983
2018-04-27,39688,60074,99762
2018-04-28,35438,51770,87208
2018-04-29,28573,46542,75115
2018-04-30,25673,41779,67452
2018-05-01,26267,45902,72169
2018-05-02,37204,52693,89897
2018-05-03,33790,49550,83340
2018-05-04,32230,47954,80184
2018-05-05,29086,45476,74562
2018-05-06,27483,44533,72016
2018-05-07,34371,48921,83292
2018-05-08,32099,47779,79878
2018-05-09,30417,50787,81204
2018-05-10,30655,53167,83822
2018-05-11,28895,50963,79858
2018-05-12,27030,50881,77911
2018-05-13,27345,49731,77076
2018-05-14,34460,57984,92444
2018-05-15,33410,59182,92592
2018-05-16,32786,60119,92905
2018-05-17,31063,57744,88807
2018-05-18,29920,54409,84329
2018-05-19,29486,60632,90118
2018-05-20,34090,68047,102137
2018-05-21,36273,67582,103855
2018-05-22,34694,63540,98234
2018-05-23,37613,64740,102353
2018-05-24,39414,65774,105188
2018-05-25,36788,58404,95192
2018-05-26,34489,57951,92440
2018-05-27,30781,50704,81485
2018-05-28,37422,56648,94070
2018-05-29,35603,54745,90348
2018-05-30,32695,50914,83609
2018-05-31,31910,47632,79542
2018-06-01,30559,47944,78503
2018-06-02,29928,48403,78331
2018-06-03,28851,49167,78018
2018-06-04,34330,51669,85999
2018-06-05,33668,52225,85893
2018-06-06,33098,50483,83581
2018-06-07,31553,47786,79339
2018-06-08,30352,46407,76759
2018-06-09,27460,43378,70838
2018-06-10,28435,45305,73740
2018-06-11,32996,48331,81327
2018-06-12,31196,48626,79822
2018-06-13,30466,48777,79243
2018-06-14,31787,51549,83336
2018-06-15,29391,47238,76629
2018-06-16,36948,73665,110613
2018-06-17,29175,52202,81377
2018-06-18,30137,58009,88146
2018-06-19,45928,74594,120522
2018-06-20,47085,74692,121777
2018-06-21,43851,64245,108096
2018-06-22,40321,62232,102553
2018-06-23,35667,56641,92308
2018-06-24,33120,50978,84098
2018-06-25,36716,57469,94185
2018-06-26,34691,54119,88810
2018-06-27,33625,51826,85451
2018-06-28,32239,52807,85046
2018-06-29,29708,47005,76713
2018-06-30,27034,45418,72452
2018-07-01,27797,45790,73587
2018-07-02,31287,50328,81615
2018-07-03,29096,47141,76237
2018-07-04,27331,46370,73701
2018-07-05,27565,46730,74295
2018-07-06,26647,46092,72739
2018-07-07,24528,43839,68367
2018-07-08,23647,41012,64659
2018-07-09,28617,48253,76870
2018-07-10,27905,49273,77178
2018-07-11,25904,46041,71945
2018-07-12,25715,47644,73359
2018-07-13,26968,48801,75769
2018-07-14,24431,46040,70471
2018-07-15,23750,44587,68337
2018-07-16,28887,48770,77657
2018-07-17,27359,47210,74569
2018-07-18,26605,50710,77315
2018-07-19,29305,56645,85950
2018-07-20,29302,56199,85501
2018-07-21,26408,51116,77524
2018-07-22,25922,51241,77163
2018-07-23,32206,57822,90028
2018-07-24,30938,53655,84593
2018-07-25,29747,53494,83241
2018-07-26,28573,50620,79193
2018-07-27,27661,50008,77669
2018-07-28,24770,47042,71812
2018-07-29,24152,47578,71730
2018-07-30,28978,50227,79205
2018-07-31,29160,51427,80587
2018-08-01,29923,57291,87214
2018-08-02,28678,53066,81744
2018-08-03,28573,53019,81592
2018-08-04,25552,50794,76346
2018-08-05,25532,50162,75694
2018-08-06,29787,54546,84333
2018-08-07,28560,54150,82710
2018-08-08,27955,51180,79135
2018-08-09,28197,52031,80228
2018-08-10,27735,50650,78385
2018-08-11,24253,48445,72698
2018-08-12,23978,47908,71886
2018-08-13,29702,56354,86056
2018-08-14,28935,55148,84083
2018-08-15,27449,54221,81670
2018-08-16,27729,56663,84392
2018-08-17,26487,52371,78858
2018-08-18,23725,48428,72153
2018-08-19,23239,46892,70131
2018-08-20,29829,61626,91455
2018-08-21,29441,59717,89158
2018-08-22,27232,53260,80492
2018-08-23,28903,56313,85216
2018-08-24,29111,56774,85885
2018-08-25,26544,50465,77009
2018-08-26,29822,64576,94398
2018-08-27,32322,60950,93272
2018-08-28,30760,63570,94330
2018-08-29,29526,60574,90100
2018-08-30,29867,56957,86824
2018-08-31,28031,53020,81051
2018-09-01,25819,48924,74743
2018-09-02,23781,46215,69996
2018-09-03,27782,49319,77101
2018-09-04,26567,54086,80653
2018-09-05,26697,54218,80915
2018-09-06,26635,56180,82815
2018-09-07,26895,58383,85278
2018-09-08,24640,53457,78097
2018-09-09,23864,51293,75157
2018-09-10,28394,54416,82810
2018-09-11,27129,52258,79387
2018-09-12,26569,51226,77795
2018-09-13,26776,52063,78839
2018-09-14,26985,51634,78619
2018-09-15,24185,46420,70605
2018-09-16,10994,17736,28730
2018-09-17,33816,59192,93008
2018-09-18,40560,122607,163167
2018-09-19,29404,62535,91939
2018-09-20,30414,61642,92056
2018-09-21,30405,59788,90193
2018-09-22,27240,53601,80841
2018-09-23,25119,48917,74036
2018-09-24,20850,43299,64149
2018-09-25,31918,58063,89981
2018-09-26,29552,54100,83652
2018-09-27,27704,50385,78089
2018-09-28,26610,49521,76131
2018-09-29,26736,48777,75513
2018-09-30,24815,44801,69616
2018-10-01,19555,39497,59052
2018-10-02,18941,38888,57829
2018-10-03,18731,38443,57174
2018-10-04,19781,40256,60037
2018-10-05,21104,42523,63627
2018-10-06,22142,43622,65764
2018-10-07,23272,45867,69139
2018-10-08,28951,51339,80290
2018-10-09,25693,49711,75404
2018-10-10,28388,59777,88165
2018-10-11,25989,52202,78191
2018-10-12,24719,51535,76254
2018-10-13,24513,53461,77974
2018-10-14,24869,52279,77148
2018-10-15,30512,57852,88364
2018-10-16,29307,57099,86406
2018-10-17,28494,56459,84953
2018-10-18,27504,56810,84314
2018-10-19,27447,56719,84166
2018-10-20,26009,52958,78967
2018-10-21,25096,53078,78174
2018-10-22,30427,58431,88858
2018-10-23,29440,58694,88134
2018-10-24,28289,57435,85724
2018-10-25,28833,58940,87773
2018-10-26,28195,56672,84867
2018-10-27,26040,53859,79899
2018-10-28,25779,53963,79742
2018-10-29,30108,54871,84979
2018-10-30,29114,50566,79680
2018-10-31,29272,41358,70630
2018-11-01,27171,45397,72568
2018-11-02,26163,48957,75120
2018-11-03,24348,47525,71873
2018-11-04,26324,54780,81104
2018-11-05,35419,60192,95611
2018-11-06,33986,58932,92918
2018-11-07,34094,59249,93343
2018-11-08,37962,63757,101719
2018-11-09,34144,67803,101947
2018-11-10,36515,84518,121033
2018-11-11,44850,105797,150647
2018-11-12,45371,98451,143822
2018-11-13,47095,80138,127233
2018-11-14,49277,83057,132334
2018-11-15,52672,90327,142999
2018-11-16,55908,91321,147229
2018-11-17,51478,85897,137375
2018-11-18,52306,80919,133225
2018-11-19,59970,85512,145482
2018-11-20,57288,69648,126936
2018-11-21,52830,59137,111967
2018-11-22,56352,61078,117430
2018-11-23,48382,68923,117305
2018-11-24,42023,56767,98790
2018-11-25,39983,56228,96211
2018-11-26,47301,62252,109553
2018-11-27,45311,58774,104085
2018-11-28,42191,53915,96106
2018-11-29,39131,49639,88770
2018-11-30,38273,46242,84515
2018-12-01,37176,51167,88343
2018-12-02,36669,50470,87139
2018-12-03,44796,55611,100407
2018-12-04,42854,53453,96307
2018-12-05,38474,55162,93636
2018-12-06,43018,77859,120877
2018-12-07,45376,93738,139114
2018-12-08,52780,106326,159106
2018-12-09,50759,96806,147565
2018-12-10,62401,114197,176598
2018-12-11,64571,122167,186738
2018-12-12,65014,129014,194028
2018-12-13,65133,121602,186735
2018-12-14,65976,116809,182785
2018-12-15,64385,107635,172020
2018-12-16,69130,111121,180251
2018-12-17,72634,110948,183582
2018-12-18,66364,97235,163599
2018-12-19,60609,83773,144382
2018-12-20,66372,78592,144964
2018-12-21,61234,66741,127975
2018-12-22,47230,55990,103220
2018-12-23,45409,54535,99944
2018-12-24,53035,58665,111700
2018-12-25,48123,55228,103351
2018-12-26,44262,55727,99989
2018-12-27,42808,52833,95641
2018-12-28,42539,52953,95492
2018-12-29,39886,50108,89994
2018-12-30,35663,46050,81713
2018-12-31,33536,43386,76922
2019-01-01,32371,44737,77108
2019-01-02,45640,55068,100708
2019-01-03,42125,52274,94399
2019-01-04,39930,49487,89417
2019-01-05,38984,50945,89929
2019-01-06,38265,50530,88795
2019-01-07,43599,53024,96623
2019-01-08,43019,50246,93265
2019-01-09,41346,49500,90846
2019-01-10,52202,68975,121177
2019-01-11,44322,49548,93870
2019-01-12,41006,46410,87416
2019-01-13,41299,48755,90054
2019-01-14,50111,56177,106288
2019-01-15,48121,53661,101782
2019-01-16,47066,51173,98239
2019-01-17,49575,63031,112606
2019-01-18,51228,64230,115458
2019-01-19,50736,61308,112044
2019-01-20,50285,63228,113513
2019-01-21,54989,64067,119056
2019-01-22,53723,63519,117242
2019-01-23,55159,65477,120636
2019-01-24,54880,65720,120600
2019-01-25,51855,60343,112198
2019-01-26,42321,51533,93854
2019-01-27,43889,50791,94680
2019-01-28,47745,51698,99443
2019-01-29,43276,46469,89745
2019-01-30,39644,42008,81652
2019-01-31,35186,36154,71340
2019-02-01,32521,33265,65786
2019-02-02,27536,27140,54676
2019-02-03,21317,20444,41761
2019-02-04,6230,7764,13994
2019-02-05,3128,6041,9169
2019-02-06,4178,7047,11225
2019-02-07,4845,7834,12679
2019-02-08,10948,12178,23126
2019-02-09,13509,14248,27757
2019-02-10,17733,18064,35797
2019-02-11,30462,35814,66276
2019-02-12,30833,35103,65936
2019-02-13,30691,35649,66340
2019-02-14,29559,34433,63992
2019-02-15,30574,34107,64681
2019-02-16,28714,33437,62151
2019-02-17,29493,35747,65240
2019-02-18,35951,41485,77436
2019-02-19,30499,34497,64996
2019-02-20,33061,36308,69369
2019-02-21,33168,37050,70218
2019-02-22,32991,36023,69014
2019-02-23,30079,33670,63749
2019-02-24,29315,33733,63048
2019-02-25,34013,35700,69713
2019-02-26,31067,34375,65442
2019-02-27,30461,37641,68102
2019-02-28,33975,52053,86028
2019-03-01,33184,43262,76446
2019-03-02,31812,42775,74587
2019-03-03,32261,43069,75330
2019-03-04,36488,43133,79621
2019-03-05,33885,41552,75437
2019-03-06,32258,38851,71109
2019-03-07,31197,40631,71828
2019-03-08,38817,69854,108671
2019-03-09,36903,59198,96101
2019-03-10,33796,50798,84594
2019-03-11,39972,57201,97173
2019-03-12,42848,59391,102239
2019-03-13,42558,57338,99896
2019-03-14,40130,54766,94896
2019-03-15,40137,50778,90915
2019-03-16,33242,47234,80476
2019-03-17,31947,46224,78171
2019-03-18,36459,50606,87065
2019-03-19,33759,47167,80926
2019-03-20,32744,48854,81598
2019-03-21,32023,50636,82659
2019-03-22,30982,46648,77630
2019-03-23,29710,43734,73444
2019-03-24,29419,44321,73740
2019-03-25,34874,47502,82376
2019-03-26,33138,48325,81463
2019-03-27,31515,47694,79209
2019-03-28,31545,47231,78776
2019-03-29,30051,44238,74289
2019-03-30,26998,42548,69546
2019-03-31,26850,42179,69029
2019-04-01,32428,46676,79104
2019-04-02,32915,52809,85724
2019-04-03,29377,46499,75876
2019-04-04,29860,46289,76149
2019-04-05,25263,41514,66777
2019-04-06,25662,42860,68522
2019-04-07,28978,47127,76105
2019-04-08,34418,52739,87157
2019-04-09,31784,53130,84914
2019-04-10,30652,60286,90938
2019-04-11,29771,67882,97653
2019-04-12,28957,66731,95688
2019-04-13,27583,65835,93418
2019-04-14,27159,65971,93130
2019-04-15,34424,92573,126997
2019-04-16,33052,87497,120549
2019-04-17,31966,88803,120769
2019-04-18,35195,105271,140466
2019-04-19,44508,152087,196595
2019-04-20,40818,129401,170219
2019-04-21,43860,138476,182336
2019-04-22,52455,125334,177789
2019-04-23,51984,120652,172636
2019-04-24,50662,117952,168614
2019-04-25,52755,111144,163899
2019-04-26,47389,99503,146892
2019-04-27,42240,90438,132678
2019-04-28,42792,90329,133121
2019-04-29,40005,82753,122758
2019-04-30,36587,73705,110292
2019-05-01,28263,65688,93951
2019-05-02,26540,64830,91370
2019-05-03,27666,67688,95354
2019-05-04,30849,75451,106300
2019-05-05,35737,82515,118252
2019-05-06,33211,79252,112463
2019-05-07,32098,79171,111269
2019-05-08,32137,83688,115825
2019-05-09,30681,83752,114433
2019-05-10,36753,110921,147674
2019-05-11,28977,86374,115351
2019-05-12,27070,82973,110043
2019-05-13,35937,93962,129899
2019-05-14,34869,97979,132848
2019-05-15,33810,89646,123456
2019-05-16,31920,93449,125369
2019-05-17,32775,88920,121695
2019-05-18,30090,85231,115321
2019-05-19,28780,87534,116314
2019-05-20,40729,149667,190396
2019-05-21,39104,125451,164555
2019-05-22,36201,104747,140948
2019-05-23,37667,114100,151767
2019-05-24,38785,114760,153545
2019-05-25,36103,107582,143685
2019-05-26,35739,103275,139014
2019-05-27,38847,105568,144415
2019-05-28,40678,95152,135830
2019-05-29,39441,96555,135996
2019-05-30,32806,85407,118213
2019-05-31,30754,80704,111458
2019-06-01,27608,76050,103658
2019-06-02,25997,81011,107008
2019-06-03,31998,88122,120120
2019-06-04,30205,84795,115000
2019-06-05,28226,80459,108685
2019-06-06,27776,77394,105170
2019-06-07,22002,64566,86568
2019-06-08,23993,71786,95779
2019-06-09,25390,76932,102322
2019-06-10,31071,84534,115605
2019-06-11,30885,99419,130304
2019-06-12,30616,101239,131855
2019-06-13,29808,101667,131475
2019-06-14,29880,115782,145662
2019-06-15,30974,136484,167458
2019-06-16,33736,147049,180785
2019-06-17,40114,150850,190964
2019-06-18,43652,170405,214057
2019-06-19,43656,129187,172843
2019-06-20,44770,133451,178221
2019-06-21,44815,131187,176002
2019-06-22,41191,118096,159287
2019-06-23,39156,106455,145611
2019-06-24,41884,106117,148001
2019-06-25,35292,94804,130096
2019-06-26,32456,87819,120275
2019-06-27,30227,83771,113998
2019-06-28,28092,78301,106393
2019-06-29,24041,74928,98969
2019-06-30,23968,74522,98490
2019-07-01,27797,79374,107171
2019-07-02,26039,76169,102208
2019-07-03,25263,78299,103562
2019-07-04,24666,75349,100015
2019-07-05,23872,74266,98138
2019-07-06,21620,71872,93492
2019-07-07,20885,73273,94158
2019-07-08,24589,77231,101820
2019-07-09,25445,92989,118434
2019-07-10,26655,97681,124336
2019-07-11,25213,80413,105626
2019-07-12,24260,81120,105380
2019-07-13,24582,83979,108561
2019-07-14,25314,84724,110038
2019-07-15,29722,88212,117934
2019-07-16,29037,83275,112312
2019-07-17,27900,80378,108278
2019-07-18,27206,82147,109353
2019-07-19,25238,78266,103504
2019-07-20,23575,77188,100763
2019-07-21,22077,77747,99824
2019-07-22,25705,84254,109959
2019-07-23,25681,83839,109520
2019-07-24,25414,84988,110402
2019-07-25,24988,84577,109565
2019-07-26,24586,80788,105374
2019-07-27,22291,77841,100132
2019-07-28,21436,77607,99043
2019-07-29,24801,88409,113210
2019-07-30,24727,85144,109871
2019-07-31,23948,79910,103858
2019-08-01,23638,82930,106568
2019-08-02,24734,84163,108897
2019-08-03,23190,82835,106025
2019-08-04,22684,86350,109034
2019-08-05,28297,94255,122552
2019-08-06,25758,91209,116967
2019-08-07,25043,88905,113948
2019-08-08,25289,109058,134347
2019-08-09,25899,105713,131612
2019-08-10,23384,91714,115098
2019-08-11,22211,92403,114614
2019-08-12,27832,109902,137734
2019-08-13,29338,108141,137479
2019-08-14,29689,107512,137201
2019-08-15,28915,105722,134637
2019-08-16,28218,98817,127035
2019-08-17,25149,91561,116710
2019-08-18,23299,91769,115068
2019-08-19,30584,129849,160433
2019-08-20,30957,135462,166419
2019-08-21,27786,125403,153189
2019-08-22,27230,122677,149907
2019-08-23,29791,125084,154875
2019-08-24,29177,124723,153900
2019-08-25,29769,125368,155137
2019-08-26,36708,133825,170533
2019-08-27,35616,113880,149496
2019-08-28,29010,102053,131063
2019-08-29,26965,100998,127963
2019-08-30,26826,93154,119980
2019-08-31,23865,86498,110363
2019-09-01,23164,88821,111985
2019-09-02,24276,94901,119177
2019-09-03,23842,96080,119922
2019-09-04,24463,106225,130688
2019-09-05,24991,105947,130938
2019-09-06,24493,99330,123823
2019-09-07,24069,97112,121181
2019-09-08,23273,100063,123336
2019-09-09,26425,105890,132315
2019-09-10,25723,100246,125969
2019-09-11,24873,101368,126241
2019-09-12,23915,89265,113180
2019-09-13,16235,72376,88611
2019-09-14,20043,88557,108600
2019-09-15,21920,96957,118877
2019-09-16,25001,101279,126280
2019-09-17,25496,104490,129986
2019-09-18,30585,154268,184853
2019-09-19,32177,158838,191015
2019-09-20,29477,141729,171206
2019-09-21,27725,130388,158113
2019-09-22,28492,143754,172246
2019-09-23,34126,166397,200523
2019-09-24,34456,155315,189771
2019-09-25,33592,143377,176969
2019-09-26,33005,130893,163898
2019-09-27,32995,127424,160419
2019-09-28,30303,115952,146255
2019-09-29,29991,110023,140014
2019-09-30,28282,92487,120769
2019-10-01,19102,75126,94228
2019-10-02,19951,79773,99724
2019-10-03,19012,80010,99022
2019-10-04,19904,85208,105112
2019-10-05,20006,88857,108863
2019-10-06,20709,90375,111084
2019-10-07,22379,93772,116151
2019-10-08,25619,104494,130113
2019-10-09,31372,153520,184892
2019-10-10,31634,148886,180520
2019-10-11,26032,107953,133985
2019-10-12,25868,115275,141143
2019-10-13,27713,127108,154821
2019-10-14,33625,151081,184706
2019-10-15,33429,151902,185331
2019-10-16,32162,138248,170410
2019-10-17,31499,128242,159741
2019-10-18,30619,116463,147082
2019-10-19,28762,111490,140252
2019-10-20,28033,112077,140110
2019-10-21,31460,115254,146714
2019-10-22,30291,108856,139147
2019-10-23,28220,103851,132071
2019-10-24,27519,101870,129389
2019-10-25,26546,97386,123932
2019-10-26,23492,92639,116131
2019-10-27,22688,92413,115101
2019-10-28,24338,99790,124128
2019-10-29,25479,99410,124889
2019-10-30,23727,93716,117443
2019-10-31,24311,93424,117735
2019-11-01,24447,92207,116654
2019-11-02,22609,91088,113697
2019-11-03,22734,94393,117127
2019-11-04,25860,98691,124551
2019-11-05,25816,103817,129633
2019-11-06,29158,149326,178484
2019-11-07,26052,120057,146109
2019-11-08,25857,114119,139976
2019-11-09,27012,154372,181384
2019-11-10,40398,245473,285871
2019-11-11,42332,238463,280795
2019-11-12,37213,193811,231024
2019-11-13,37599,197445,235044
2019-11-14,37325,203276,240601
2019-11-15,41328,233976,275304
2019-11-16,44718,254122,298840
2019-11-17,45183,253374,298557
2019-11-18,56080,276871,332951
2019-11-19,56963,257742,314705
2019-11-20,57771,240478,298249
2019-11-21,55119,214673,269792
2019-11-22,47682,183298,230980
2019-11-23,45381,173335,218716
2019-11-24,39381,166471,205852
2019-11-25,43174,175280,218454
2019-11-26,39418,163329,202747
2019-11-27,44296,208566,252862
2019-11-28,43542,192603,236145
2019-11-29,37311,171737,209048
2019-11-30,34305,150402,184707
2019-12-01,32373,158104,190477
2019-12-02,40174,182992,223166
2019-12-03,40376,212879,253255
2019-12-04,37970,188494,226464
2019-12-05,35506,188074,223580
2019-12-06,34134,191433,225567
2019-12-07,38265,249177,287442
2019-12-08,43874,266180,310054
2019-12-09,45087,273884,318971
2019-12-10,40243,254809,295052
2019-12-11,42250,283495,325745
2019-12-12,44948,302322,347270
2019-12-13,41687,224858,266545
2019-12-14,36924,187240,224164
2019-12-15,33464,181583,215047
2019-12-16,38095,201217,239312
2019-12-17,35108,162705,197813
2019-12-18,32659,149870,182529
2019-12-19,30594,137966,168560
2019-12-20,28585,129547,158132
2019-12-21,24862,119096,143958
2019-12-22,22700,115164,137864
2019-12-23,26344,124997,151341
2019-12-24,23341,115956,139297
2019-12-25,22469,120212,142681
2019-12-26,22233,123979,146212
2019-12-27,20987,118067,139054
2019-12-28,18685,116008,134693
2019-12-29,18002,112940,130942
2019-12-30,19750,114893,134643
2019-12-31,18066,103221,121287
2020-01-01,18005,149108,167113
2020-01-02,22955,148144,171099
2020-01-03,19361,116936,136297
2020-01-04,18680,131086,149766
2020-01-05,19148,142576,161724
2020-01-06,21364,139567,160931
2020-01-07,24225,180947,205172
2020-01-08,24398,156779,181177
2020-01-09,22466,150506,172972
2020-01-10,21054,142492,163546
2020-01-11,21484,151492,172976
2020-01-12,21205,155557,176762
2020-01-13,23953,160820,184773
2020-01-14,22757,156524,179281
2020-01-15,22249,153971,176220
2020-01-16,20828,141587,162415
2020-01-17,19576,136351,155927
2020-01-18,18432,133930,152362
2020-01-19,18688,122269,140957
2020-01-20,17344,108651,125995
2020-01-21,15941,93944,109885
2020-01-22,12735,72023,84758
2020-01-23,9437,54009,63446
2020-01-24,3694,21524,25218
2020-01-25,2254,19157,21411
2020-01-26,3409,24937,28346
2020-01-27,4265,30999,35264
2020-01-28,4818,32372,37190
2020-01-29,6533,40230,46763
2020-01-30,5805,40698,46503
2020-01-31,6309,45498,51807
2020-02-01,6265,44040,50305
2020-02-02,6501,43701,50202
2020-02-03,7588,43346,50934
2020-02-04,7325,42359,49684
2020-02-05,6878,40318,47196
2020-02-06,6499,39422,45921
2020-02-07,6131,39125,45256
2020-02-08,5503,37749,43252
2020-02-09,6021,43311,49332
2020-02-10,7931,48762,56693
2020-02-11,8366,51987,60353
2020-02-12,8544,53783,62327
2020-02-13,8864,56883,65747
2020-02-14,9063,56982,66045
2020-02-15,9377,59928,69305
2020-02-16,9521,61577,71098
2020-02-17,12377,86121,98498
2020-02-18,13667,106198,119865
2020-02-19,15245,115470,130715
2020-02-20,14559,100961,115520
2020-02-21,14149,95867,110016
2020-02-22,14167,92442,106609
2020-02-23,14705,94254,108959
2020-02-24,15158,101282,116440
2020-02-25,16206,96306,112512
2020-02-26,16011,94538,110549
2020-02-27,16189,101252,117441
2020-02-28,16116,101985,118101
2020-02-29,14867,94339,109206
2020-03-01,14960,97527,112487
2020-03-02,15776,94641,110417
2020-03-03,15108,92146,107254
2020-03-04,14714,90647,105361
2020-03-05,14570,91896,106466
2020-03-06,14222,92061,106283
2020-03-07,14904,106949,121853
2020-03-08,17319,144486,161805
2020-03-09,16555,105085,121640
2020-03-10,15431,102336,117767
2020-03-11,15465,103827,119292
2020-03-12,15692,103733,119425
2020-03-13,15902,103697,119599
2020-03-14,14352,94358,108710
2020-03-15,13939,95851,109790
2020-03-16,15324,101681,117005
2020-03-17,14859,100383,115242
2020-03-18,14551,101012,115563
2020-03-19,14722,102122,116844
2020-03-20,14048,99713,113761
2020-03-21,13119,97169,110288
2020-03-22,12867,98186,111053
2020-03-23,14221,105647,119868
2020-03-24,14034,100064,114098
2020-03-25,13734,97005,110739
2020-03-26,13618,96377,109995
2020-03-27,12591,87277,99868
2020-03-28,11558,83099,94657
2020-03-29,11211,80247,91458
2020-03-30,12347,80020,92367
2020-03-31,12013,76845,88858
2020-04-01,11805,77632,89437
2020-04-02,11451,75404,86855
2020-04-03,10930,71774,82704
2020-04-04,9813,75238,85051
2020-04-05,9662,71173,80835
2020-04-06,10408,74144,84552
2020-04-07,12137,81090,93227
2020-04-08,11648,78313,89961
2020-04-09,11082,76632,87714
2020-04-10,10907,74409,85316
2020-04-11,10299,73845,84144
2020-04-12,10114,74464,84578
2020-04-13,11181,78662,89843
2020-04-14,11049,77351,88400
2020-04-15,10975,78990,89965
2020-04-16,11799,81837,93636
2020-04-17,11035,78989,90024
2020-04-18,9880,77625,87505
2020-04-19,9870,80337,90207
2020-04-20,11608,84474,96082
2020-04-21,11202,80553,91755
2020-04-22,10892,79614,90506
2020-04-23,10658,77867,88525
2020-04-24,10417,77432,87849
2020-04-25,10697,76982,87679
2020-04-26,11602,81829,93431
2020-04-27,11618,82499,94117
2020-04-28,12452,85488,97940
2020-04-29,12536,85309,97845
2020-04-30,12031,81035,93066
2020-05-01,11170,85394,96564
2020-05-02,11564,88290,99854
2020-05-03,12009,92027,104036
2020-05-04,13263,98275,111538
2020-05-05,14359,104049,118408
2020-05-06,15514,105793,121307
2020-05-07,14952,102526,117478
2020-05-08,15070,97601,112671
2020-05-09,13973,95235,109208
2020-05-10,13799,88312,102111
2020-05-11,14693,88466,103159
2020-05-12,14873,84696,99569
2020-05-13,14254,82481,96735
2020-05-14,13563,81099,94662
2020-05-15,13163,79069,92232
2020-05-16,12860,79534,92394
2020-05-17,12744,82237,94981
2020-05-18,14342,87648,101990
2020-05-19,15180,91328,106508
2020-05-20,14810,89667,104477
2020-05-21,14979,93078,108057
2020-05-22,14723,86526,101249
2020-05-23,13452,83157,96609
2020-05-24,13495,83956,97451
2020-05-25,14630,85187,99817
2020-05-26,13854,79627,93481
2020-05-27,14390,79127,93517
2020-05-28,13610,79436,93046
2020-05-29,12669,73991,86660
2020-05-30,11790,72240,84030
2020-05-31,12353,73861,86214
2020-06-01,22476,236698,259174
2020-06-02,19854,170751,190605
2020-06-03,18349,142701,161050
2020-06-04,18727,131188,149915
2020-06-05,18045,127343,145388
2020-06-06,17203,120889,138092
2020-06-07,16248,116352,132600
2020-06-08,18896,130143,149039
2020-06-09,18024,117021,135045
2020-06-10,17634,114167,131801
2020-06-11,17796,117231,135027
2020-06-12,17384,111191,128575
2020-06-13,16852,102892,119744
2020-06-14,14701,102576,117277
2020-06-15,17654,113190,130844
2020-06-16,19960,124145,144105
2020-06-17,17882,115143,133025
2020-06-18,18899,128542,147441
2020-06-19,18784,121363,140147
2020-06-20,17037,116929,133966
2020-06-21,17069,114209,131278
2020-06-22,18398,115429,133827
2020-06-23,16445,95425,111870
2020-06-24,15498,91806,107304
2020-06-25,12018,80253,92271
2020-06-26,12690,83955,96645
2020-06-27,12734,86432,99166
2020-06-28,13596,91202,104798
2020-06-29,13478,85393,98871
2020-06-30,12701,83375,96076
2020-07-01,12951,79846,92797
2020-07-02,12808,77409,90217
2020-07-03,12125,74485,86610
2020-07-04,11761,72254,84015
2020-07-05,11059,72069,83128
2020-07-06,12277,75189,87466
2020-07-07,11871,72583,84454
2020-07-08,11508,69621,81129
2020-07-09,11131,68951,80082
2020-07-10,11253,67373,78626
2020-07-11,10735,66343,77078
2020-07-12,10267,68786,79053
2020-07-13,11336,70088,81424
2020-07-14,10991,70816,81807
2020-07-15,10906,70941,81847
2020-07-16,11175,69624,80799
2020-07-17,10916,66965,77881
2020-07-18,10337,66101,76438
2020-07-19,10176,67867,78043
2020-07-20,11627,72389,84016
2020-07-21,11215,73268,84483
2020-07-22,11050,73010,84060
2020-07-23,11061,73770,84831
2020-07-24,10511,72404,82915
2020-07-25,9731,67156,76887
2020-07-26,9830,70197,80027
2020-07-27,10874,72434,83308
2020-07-28,10766,71893,82659
2020-07-29,10848,72180,83028
2020-07-30,10588,70282,80870
2020-07-31,10263,69290,79553
2020-08-01,9974,70408,80382
2020-08-02,9894,69322,79216
2020-08-03,10693,73688,84381
2020-08-04,10417,72156,82573
2020-08-05,10532,74390,84922
2020-08-06,10190,74351,84541
2020-08-07,9721,72985,82706
2020-08-08,10933,97785,108718
2020-08-09,11446,95474,106920
2020-08-10,11620,88239,99859
2020-08-11,11611,87316,98927
2020-08-12,11235,89642,100877
2020-08-13,11173,86039,97212
2020-08-14,10533,79485,90018
2020-08-15,10202,78807,89009
2020-08-16,9928,75148,85076
2020-08-17,11163,77454,88617
2020-08-18,11984,90028,102012
2020-08-19,14125,106967,121092
2020-08-20,13088,95947,109035
2020-08-21,12356,94737,107093
2020-08-22,12592,95554,108146
2020-08-23,11732,97814,109546
2020-08-24,12489,101770,114259
2020-08-25,11011,92173,103184
2020-08-26,11741,92326,104067
2020-08-27,11468,87321,98789
2020-08-28,11706,81990,93696
2020-08-29,11265,79324,90589
2020-08-30,10804,78687,89491
2020-08-31,11864,80098,91962
2020-09-01,12212,78206,90418
2020-09-02,12056,82264,94320
2020-09-03,11726,81583,93309
2020-09-04,11724,79725,91449
2020-09-05,12473,86481,98954
2020-09-06,13880,92771,106651
2020-09-07,16130,90623,106753
2020-09-08,16510,90701,107211
2020-09-09,17517,98222,115739
2020-09-10,16486,87873,104359
2020-09-11,16294,79974,96268
2020-09-12,16412,80692,97104
2020-09-13,17682,84476,102158
2020-09-14,17846,86326,104172
2020-09-15,17516,87006,104522
2020-09-16,17592,89444,107036
2020-09-17,16920,90845,107765
2020-09-18,16682,88162,104844
2020-09-19,17347,92148,109495
2020-09-20,17185,95564,112749
2020-09-21,18699,99510,118209
2020-09-22,17650,95217,112867
2020-09-23,17471,94985,112456
2020-09-24,17911,95729,113640
2020-09-25,18654,91739,110393
2020-09-26,19119,94158,113277
2020-09-27,20999,103377,124376
2020-09-28,21132,99727,120859
2020-09-29,21102,91674,112776
2020-09-30,19486,80745,100231
2020-10-01,13823,78166,91989
2020-10-02,16466,80828,97294
2020-10-03,17620,82741,100361
2020-10-04,17987,85320,103307
2020-10-05,18915,86256,105171
2020-10-06,19454,88766,108220
2020-10-07,20765,91758,112523
2020-10-08,21819,94639,116458
2020-10-09,23456,97621,121077
2020-10-10,21919,93923,115842
2020-10-11,21283,95164,116447
2020-10-12,22769,92446,115215
2020-10-13,21373,89642,111015
2020-10-14,21355,90337,111692
2020-10-15,21032,89325,110357
2020-10-16,20880,84606,105486
2020-10-17,20161,81803,101964
2020-10-18,20393,83096,103489
2020-10-19,21976,86654,108630
2020-10-20,21655,88254,109909
2020-10-21,22482,84941,107423
2020-10-22,21469,89910,111379
2020-10-23,21123,84560,105683
2020-10-24,19442,79076,98518
2020-10-25,19467,77953,97420
2020-10-26,21532,82740,104272
2020-10-27,21304,77475,98779
2020-10-28,20345,77926,98271
2020-10-29,19960,74739,94699
2020-10-30,20961,74441,95402
2020-10-31,22095,92346,114441
2020-11-01,27982,121372,149354
2020-11-02,27221,127167,154388
2020-11-03,24647,112200,136847
2020-11-04,24821,108073,132894
2020-11-05,25310,114665,139975
2020-11-06,24871,111174,136045
2020-11-07,24986,106956,131942
2020-11-08,26378,103870,130248
2020-11-09,27212,108044,135256
2020-11-10,32466,141676,174142
2020-11-11,34542,172354,206896
2020-11-12,28456,124601,153057
2020-11-13,27504,122032,149536
2020-11-14,26465,120942,147407
2020-11-15,26623,123242,149865
2020-11-16,29077,120702,149779
2020-11-17,27014,102870,129884
2020-11-18,24307,91746,116053
2020-11-19,21968,83775,105743
2020-11-20,20526,76078,96604
2020-11-21,18869,77413,96282
2020-11-22,18650,79168,97818
2020-11-23,19260,84166,103426
2020-11-24,19760,81804,101564
2020-11-25,19488,91606,111094
2020-11-26,21551,103236,124787
2020-11-27,20343,96684,117027
2020-11-28,19700,90811,110511
2020-11-29,19122,88419,107541
2020-11-30,19866,89412,109278
2020-12-01,23675,120347,144022
2020-12-02,22645,108114,130759
2020-12-03,22029,107396,129425
2020-12-04,21309,101669,122978
2020-12-05,22770,102314,125084
2020-12-06,22252,119015,141267
2020-12-07,36426,280237,316663
2020-12-08,35213,201561,236774
2020-12-09,28922,155520,184442
2020-12-10,30362,159777,190139
2020-12-11,29088,157112,186200
2020-12-12,28947,157527,186474
2020-12-13,27501,153124,180625
2020-12-14,29020,154644,183664
2020-12-15,26897,140729,167626
2020-12-16,27389,138678,166067
2020-12-17,25403,129482,154885
2020-12-18,24029,110144,134173
2020-12-19,22258,101976,124234
2020-12-20,21500,100200,121700
2020-12-21,21623,100168,121791
2020-12-22,21037,99573,120610
2020-12-23,21209,93368,114577
2020-12-24,19898,86629,106527
2020-12-25,18673,81055,99728
2020-12-26,18363,80341,98704
2020-12-27,17073,77986,95059
2020-12-28,19198,79986,99184
2020-12-29,17723,76045,93768
2020-12-30,16557,73017,89574
2020-12-31,16463,66812,83275
2021-01-01,13993,65943,79936
2021-01-02,16028,72295,88323
2021-01-03,17033,72903,89936
2021-01-04,18108,76020,94128
2021-01-05,17444,73399,90843
2021-01-06,17886,76723,94609
2021-01-07,17325,78123,95448
2021-01-08,17036,75736,92772
2021-01-09,17060,76796,93856
2021-01-10,17531,79681,97212
2021-01-11,18271,84264,102535
2021-01-12,18922,82029,100951
2021-01-13,18756,81575,100331
2021-01-14,18402,79904,98306
2021-01-15,18210,77959,96169
2021-01-16,18062,82079,100141
2021-01-17,18321,80010,98331
2021-01-18,19106,80989,100095
2021-01-19,18558,80167,98725
2021-01-20,18603,80748,99351
2021-01-21,18817,76833,95650
2021-01-22,17716,73101,90817
2021-01-23,17011,74387,91398
2021-01-24,16649,72816,89465
2021-01-25,17539,72128,89667
2021-01-26,16803,71782,88585
2021-01-27,16441,70351,86792
2021-01-28,16539,69191,85730
2021-01-29,16120,69983,86103
2021-01-30,16438,70155,86593
2021-01-31,16027,69100,85127
2021-02-01,16555,72870,89425
2021-02-02,16235,72123,88358
2021-02-03,16471,73406,89877
2021-02-04,16219,73173,89392
2021-02-05,16663,71031,87694
2021-02-06,15647,67966,83613
2021-02-07,15363,67550,82913
2021-02-08,15468,63796,79264
2021-02-09,13584,52308,65892
2021-02-10,11570,43058,54628
2021-02-11,4708,17239,21947
2021-02-12,4484,30103,34587
2021-02-13,5703,38375,44078
2021-02-14,6272,38304,44576
2021-02-15,7941,42088,50029
2021-02-16,8171,43845,52016
2021-02-17,9487,47825,57312
2021-02-18,12783,54972,67755
2021-02-19,13599,56231,69830
2021-02-20,13393,56836,70229
2021-02-21,13411,55970,69381
2021-02-22,14178,60231,74409
2021-02-23,13989,59980,73969
2021-02-24,14139,58600,72739
2021-02-25,13639,56908,70547
2021-02-26,11726,49731,61457
2021-02-27,12598,58044,70642
2021-02-28,12553,60028,72581
2021-03-01,13611,54310,67921
2021-03-02,13519,54810,68329
2021-03-03,18964,105044,124008
2021-03-04,19080,89311,108391
2021-03-05,16957,78570,95527
2021-03-06,15884,74599,90483
2021-03-07,14905,75054,89959
2021-03-08,15737,77014,92751
2021-03-09,16526,74688,91214
2021-03-10,15122,66927,82049
2021-03-11,14632,65153,79785
2021-03-12,14783,60617,75400
2021-03-13,13574,58167,71741
2021-03-14,13382,57296,70678
2021-03-15,15003,60059,75062
2021-03-16,14393,67452,81845
2021-03-17,14069,62373,76442
2021-03-18,14086,60823,74909
2021-03-19,13358,58948,72306
2021-03-20,12687,58203,70890
2021-03-21,12759,57485,70244
2021-03-22,14255,58844,73099
2021-03-23,13876,57735,71611
2021-03-24,13646,57568,71214
2021-03-25,12525,60489,73014
2021-03-26,11541,59855,71396
2021-03-27,11023,57112,68135
2021-03-28,10513,57377,67890
2021-03-29,11952,59231,71183
2021-03-30,11717,58259,69976
2021-03-31,11656,57822,69478
2021-04-01,12264,57315,69579
2021-04-02,11010,52721,63731
2021-04-03,9797,49340,59137
2021-04-04,8960,47444,56404
2021-04-05,10828,52422,63250
2021-04-06,11613,54082,65695
2021-04-07,11490,51567,63057
2021-04-08,11099,50512,61611
2021-04-09,10681,49219,59900
2021-04-10,11808,46610,58418
2021-04-11,11893,48359,60252
2021-04-12,13172,49994,63166
2021-04-13,12726,48192,60918
2021-04-14,12679,48337,61016
2021-04-15,12969,54700,67669
2021-04-16,24770,138263,163033
2021-04-17,23913,101532,125445
2021-04-18,17753,76679,94432
2021-04-19,19630,89573,109203
2021-04-20,19833,87879,107712
2021-04-21,18465,80386,98851
2021-04-22,17623,76566,94189
2021-04-23,16553,72762,89315
2021-04-24,15482,71186,86668
2021-04-25,15967,71656,87623
2021-04-26,16410,69374,85784
2021-04-27,15852,65550,81402
2021-04-28,15185,62763,77948
2021-04-29,15116,58606,73722
2021-04-30,14277,52377,66654
2021-05-01,13472,59773,73245
2021-05-02,12301,52841,65142
2021-05-03,12541,52457,64998
2021-05-04,12988,55915,68903
2021-05-05,14779,61042,75821
2021-05-06,16518,65808,82326
2021-05-07,15735,63598,79333
2021-05-08,14774,64399,79173
2021-05-09,13735,62493,76228
2021-05-10,14316,64029,78345
2021-05-11,14000,63025,77025
2021-05-12,13361,62376,75737
2021-05-13,13061,61597,74658
2021-05-14,12817,59789,72606
2021-05-15,12215,58019,70234
2021-05-16,12244,60017,72261
2021-05-17,12877,64314,77191
2021-05-18,14971,82470,97441
2021-05-19,14684,78065,92749
2021-05-20,13881,72327,86208
2021-05-21,13583,66500,80083
2021-05-22,12616,62716,75332
2021-05-23,12707,62820,75527
2021-05-24,13753,66071,79824
2021-05-25,12660,70695,83355
2021-05-26,11858,70322,82180
2021-05-27,12118,68092,80210
2021-05-28,10756,62957,73713
2021-05-29,10160,60008,70168
2021-05-30,10095,60016,70111
2021-05-31,10806,58979,69785
2021-06-01,17614,110208,127822
2021-06-02,20160,121060,141220
2021-06-03,15496,89421,104917
2021-06-04,13050,81165,94215
2021-06-05,10695,73416,84111
2021-06-06,9974,71798,81772
2021-06-07,10533,69866,80399
2021-06-08,9587,66670,76257
2021-06-09,9253,66654,75907
2021-06-10,9094,65711,74805
2021-06-11,8794,61929,70723
2021-06-12,8109,57560,65669
2021-06-13,7658,55195,62853
2021-06-14,7222,54617,61839
2021-06-15,10404,77569,87973
2021-06-16,12659,88577,101236
2021-06-17,11574,81850,93424
2021-06-18,12505,84538,97043
2021-06-19,12761,75115,87876
2021-06-20,12575,79889,92464
2021-06-21,13283,81528,94811
2021-06-22,12368,73351,85719
2021-06-23,11478,68542,80020
2021-06-24,11626,67877,79503
2021-06-25,11301,61797,73098
2021-06-26,10403,60398,70801
2021-06-27,10150,61028,71178
2021-06-28,10518,60711,71229
2021-06-29,9452,56535,65987
2021-06-30,9562,56671,66233
2021-07-01,9062,55013,64075
2021-07-02,9254,53188,62442
2021-07-03,8735,53539,62274
2021-07-04,8416,52394,60810
2021-07-05,9384,55369,64753
2021-07-06,9338,53509,62847
2021-07-07,9139,52477,61616
2021-07-08,9066,51920,60986
2021-07-09,8710,51038,59748
2021-07-10,10094,71425,81519
2021-07-11,9603,64101,73704
2021-07-12,10700,64352,75052
2021-07-13,9854,63506,73360
2021-07-14,9486,60869,70355
2021-07-15,9465,58275,67740
2021-07-16,8890,53835,62725
2021-07-17,8632,53320,61952
2021-07-18,8561,52054,60615
2021-07-19,9238,55850,65088
2021-07-20,9002,53378,62380
2021-07-21,9053,54583,63636
2021-07-22,9422,55402,64824
2021-07-23,8562,53391,61953
2021-07-24,8386,52756,61142
2021-07-25,8770,53989,62759
2021-07-26,9522,59449,68971
2021-07-27,8855,54700,63555
2021-07-28,8779,53430,62209
2021-07-29,8645,50696,59341
2021-07-30,8509,48483,56992
2021-07-31,7956,46183,54139
2021-08-01,7929,48939,56868
2021-08-02,8671,50038,58709
2021-08-03,8607,48309,56916
2021-08-04,8261,48838,57099
2021-08-05,8120,50305,58425
2021-08-06,8162,48802,56964
2021-08-07,7709,48645,56354
2021-08-08,8491,61725,70216
2021-08-09,9328,68145,77473
2021-08-10,9261,64786,74047
2021-08-11,8976,67875,76851
2021-08-12,8850,67164,76014
2021-08-13,8731,65603,74334
2021-08-14,7862,64103,71965
2021-08-15,8007,67322,75329
2021-08-16,9031,72803,81834
2021-08-17,8059,78130,86189
2021-08-18,8020,77873,85893
2021-08-19,7445,80100,87545
2021-08-20,7562,83404,90966
2021-08-21,9877,126816,136693
2021-08-22,9268,118331,127599
2021-08-23,9598,109579,119177
2021-08-24,9239,104107,113346
2021-08-25,8397,108334,116731
2021-08-26,8406,105091,113497
2021-08-27,8185,102698,110883
2021-08-28,7756,100674,108430
2021-08-29,8211,101102,109313
2021-08-30,9066,102594,111660
2021-08-31,8090,97676,105766
2021-09-01,7836,100439,108275
2021-09-02,8067,96837,104904
2021-09-03,7886,92330,100216
2021-09-04,7808,95366,103174
2021-09-05,7941,106711,114652
2021-09-06,8465,100995,109460
2021-09-07,8121,98513,106634
2021-09-08,8039,96483,104522
2021-09-09,8234,101689,109923
2021-09-10,7825,93044,100869
2021-09-11,8461,107687,116148
2021-09-12,8159,106152,114311
2021-09-13,8881,114413,123294